# ghfkdsjgbfkadrjehbgfadrg
0 | Rogahn LLC | 205
1 | Walter-Schamberger | 75
2 | Schroeder Mante and Eichmann | 198
3 | O\Keefe LLC | 105
4 | VonRueden-Walker | 211
5 | Olson Ltd | 202
6 | Runolfsson-Osinski | 228
7 | Hansen Gerlach and Orn | 16
8 | Fadel Hansen and Botsford | 230
9 | Adams Rohan and Langosh | 135
10 | Haag Lockman and Ullrich | 190
11 | Schimmel-Lehner | 176
12 | Ratke LLC | 155
13 | Langosh PLC | 20
14 | Ruecker LLC | 67
15 | Mills Konopelski and Barrows | 155
16 | Koss Mitchell and Schuster | 14
17 | Schroeder and Sons | 216
18 | Lakin Ltd | 69
19 | Hartmann Ziemann and Buckridge | 34
20 | Bahringer Emmerich and Quitzon | 218
21 | Schaefer-Erdman | 54
22 | Casper Wintheiser and Fritsch | 117
23 | Carroll LLC | 246
24 | Ziemann-Kessler | 169
25 | Schulist Gislason and Nader | 98
26 | Haley Kilback and Labadie | 40
27 | Rutherford Wiza and Streich | 109
28 | O\Connell-Simonis | 87
29 | Keeling Group | 161
# kldjjgbfdsjgbvkdsjgbfdskhjbhgfd
0 | Christiansen Ltd | 78
1 | Romaguera Inc | 10
2 | Jones Wisozk and Quitzon | 16
3 | Gleason LLC | 18
4 | Wilderman-Kulas | 75
5 | Wehner Group | 44
6 | Considine Doyle and Waters | 50
7 | Brekke Rempel and Kozey | 29
8 | Roberts LLC | 63
9 | Osinski Flatley and Ward | 53
10 | Halvorson Kub and Schultz | 43
11 | Gottlieb LLC | 63
12 | Goyette-Schamberger | 76
13 | Littel Group | 18
14 | Treutel-Crona | 42
15 | Hand PLC | 4
16 | Hartmann PLC | 44
17 | Fahey-Gerhold | 25
18 | Cummerata Stehr and Armstrong | 9
19 | Rogahn LLC | 48
20 | Lueilwitz Kirlin and Kilback | 21
21 | Swaniawski Padberg and King | 14
22 | Kertzmann LLC | 73
23 | Farrell Kessler and Weimann | 8
24 | Bergstrom LLC | 81
25 | Auer Hoeger and Lockman | 77
26 | Fisher Quigley and Connelly | 61
27 | O\Hara-Orn | 4
28 | Larson-Effertz | 33
29 | Emmerich-Bernhard | 25
30 | Streich Strosin and Spinka | 10
31 | Littel Group | 26
32 | Lesch-Spinka | 41
33 | Kiehn-McDermott | 20
34 | Spencer and Sons | 42
35 | Beer-Mayert | 53
36 | Boyer-Yundt | 83
37 | Kunde Padberg and Carroll | 54
38 | Rolfson Group | 15
39 | Flatley-Christiansen | 41
40 | Schaefer-Fahey | 47
41 | Volkman Group | 5
42 | Flatley-Christiansen | 55
43 | Hane-Champlin | 26
44 | Carroll PLC | 3
45 | Parker West and Lehner | 36
46 | Kshlerin Parisian and Boyer | 41
47 | Grady Ltd | 45
48 | Macejkovic-Windler | 57
49 | Herzog Collins and Shields | 16
50 | Price and Sons | 106
51 | Keeling Reynolds and Douglas | 50
52 | Schiller LLC | 72
53 | Simonis Sawayn and Ritchie | 38
54 | Bahringer-Hoeger | 36
55 | Denesik-Schmeler | 50
56 | Rosenbaum-Gutmann | 1
57 | Lind Schimmel and Reinger | 21
58 | Turner-Hyatt | 99
59 | Mann Russel and Torphy | 55
60 | Boyle-Bednar | 52
61 | Hettinger PLC | 33
62 | Cremin Group | 88
63 | Kilback Lueilwitz and McKenzie | 27
64 | Rath-Prohaska | 44
65 | Bosco Murray and Breitenberg | 19
66 | Considine-Schmitt | 92
67 | Donnelly Gulgowski and Steuber | 59
68 | Hyatt and Sons | 53
69 | Jenkins PLC | 84
# aliuwjgfdklijghfdskjghvbfdsjk
0 | 0 | 149 | 75.04
0 | 1 | 186 | 68.67
0 | 2 | 112 | 90.91
0 | 3 | 146 | 99.4
0 | 4 | 125 | 77.3
0 | 5 | 182 | 74.29
0 | 6 | 169 | 75.23
0 | 7 | 201 | 81.77
0 | 8 | 139 | 96.22
0 | 9 | 113 | 92.67
0 | 10 | 183 | 62.53
0 | 11 | 166 | 70.51
0 | 12 | 186 | 81.78
0 | 13 | 156 | 91.07
0 | 14 | 200 | 97.99
0 | 15 | 196 | 98.25
0 | 16 | 179 | 63.8
0 | 17 | 146 | 90.44
0 | 18 | 119 | 72.77
0 | 19 | 163 | 96.9
0 | 20 | 133 | 73.38
0 | 21 | 202 | 96.55
0 | 22 | 199 | 74.52
0 | 23 | 110 | 86.2
0 | 24 | 162 | 89.8
0 | 25 | 195 | 69.11
0 | 26 | 200 | 97.19
0 | 27 | 128 | 77.74
0 | 28 | 172 | 82.13
0 | 29 | 199 | 89.73
0 | 30 | 189 | 94.71
0 | 31 | 196 | 70.58
0 | 32 | 201 | 61.85
0 | 33 | 136 | 99.32
0 | 34 | 142 | 67.91
0 | 35 | 190 | 67.27
0 | 36 | 193 | 75.8
0 | 37 | 165 | 81.06
0 | 38 | 182 | 85.47
0 | 39 | 193 | 68.09
0 | 40 | 186 | 87.84
0 | 41 | 165 | 87.31
0 | 42 | 133 | 96.6
0 | 43 | 149 | 66.55
0 | 44 | 202 | 83.29
0 | 45 | 144 | 87.32
0 | 46 | 126 | 97.33
0 | 47 | 198 | 90.5
0 | 48 | 145 | 81.94
0 | 49 | 104 | 86.77
0 | 50 | 147 | 61.74
0 | 51 | 115 | 70.98
0 | 52 | 190 | 63.39
0 | 53 | 202 | 61.23
0 | 54 | 202 | 85.76
0 | 55 | 123 | 94.94
0 | 56 | 180 | 92.67
0 | 57 | 136 | 72.88
0 | 58 | 188 | 93.61
0 | 59 | 186 | 88.05
0 | 60 | 134 | 64.88
0 | 61 | 189 | 62.68
0 | 62 | 173 | 65.5
0 | 63 | 106 | 60.33
0 | 64 | 186 | 63.9
0 | 65 | 118 | 70.18
0 | 66 | 116 | 60.04
0 | 67 | 154 | 89.97
0 | 68 | 125 | 73.65
0 | 69 | 191 | 68.83
1 | 0 | 37 | 86.16
1 | 1 | 55 | 99.77
1 | 2 | 40 | 89.46
1 | 3 | 52 | 96.54
1 | 4 | 48 | 86.41
1 | 5 | 39 | 75.62
1 | 6 | 39 | 72.52
1 | 7 | 51 | 69.98
1 | 8 | 65 | 87.43
1 | 9 | 67 | 88.2
1 | 10 | 42 | 72.29
1 | 11 | 39 | 75.17
1 | 12 | 48 | 73.08
1 | 13 | 50 | 66.36
1 | 14 | 43 | 89.77
1 | 15 | 40 | 68.21
1 | 16 | 57 | 62
1 | 17 | 71 | 95.03
1 | 18 | 60 | 68.67
1 | 19 | 64 | 76.72
1 | 20 | 45 | 63.54
1 | 21 | 66 | 70.3
1 | 22 | 68 | 62.01
1 | 23 | 57 | 85.97
1 | 24 | 59 | 84.82
1 | 25 | 38 | 81.13
1 | 26 | 46 | 88.65
1 | 27 | 63 | 63.52
1 | 28 | 54 | 86.62
1 | 29 | 49 | 99.46
1 | 30 | 41 | 67.09
1 | 31 | 42 | 61.45
1 | 32 | 69 | 96.55
1 | 33 | 45 | 89.83
1 | 34 | 41 | 93.05
1 | 35 | 49 | 77.96
1 | 36 | 63 | 65.95
1 | 37 | 58 | 94.44
1 | 38 | 63 | 93.11
1 | 39 | 59 | 77.94
1 | 40 | 39 | 99.85
1 | 41 | 61 | 91.36
1 | 42 | 53 | 98.23
1 | 43 | 66 | 67.02
1 | 44 | 49 | 80.02
1 | 45 | 38 | 61.06
1 | 46 | 64 | 79.04
1 | 47 | 42 | 64.14
1 | 48 | 72 | 76.54
1 | 49 | 38 | 90.39
1 | 50 | 52 | 69.1
1 | 51 | 70 | 65.09
1 | 52 | 62 | 66.13
1 | 53 | 41 | 93.59
1 | 54 | 63 | 92.81
1 | 55 | 69 | 72.41
1 | 56 | 47 | 64.1
1 | 57 | 55 | 75.99
1 | 58 | 72 | 91.28
1 | 59 | 59 | 66.98
1 | 60 | 69 | 71.39
1 | 61 | 54 | 88.99
1 | 62 | 48 | 82.76
1 | 63 | 59 | 92.08
1 | 64 | 56 | 79.63
1 | 65 | 52 | 83.82
1 | 66 | 61 | 83.19
1 | 67 | 60 | 93.2
1 | 68 | 50 | 84.26
1 | 69 | 66 | 86.77
2 | 0 | 184 | 88.09
2 | 1 | 115 | 84.73
2 | 2 | 115 | 69.64
2 | 3 | 191 | 89.85
2 | 4 | 155 | 78.83
2 | 5 | 124 | 79.61
2 | 6 | 176 | 89.7
2 | 7 | 167 | 98.99
2 | 8 | 179 | 84.12
2 | 9 | 132 | 98.65
2 | 10 | 103 | 73.98
2 | 11 | 120 | 65.2
2 | 12 | 110 | 82.04
2 | 13 | 160 | 73.35
2 | 14 | 115 | 81.35
2 | 15 | 161 | 64.91
2 | 16 | 144 | 88.26
2 | 17 | 195 | 89.32
2 | 18 | 163 | 82.06
2 | 19 | 128 | 91.74
2 | 20 | 111 | 63.03
2 | 21 | 118 | 67.15
2 | 22 | 177 | 93.99
2 | 23 | 165 | 94.84
2 | 24 | 108 | 82.3
2 | 25 | 127 | 83.06
2 | 26 | 126 | 69.82
2 | 27 | 173 | 87.84
2 | 28 | 173 | 77.9
2 | 29 | 99 | 94.11
2 | 30 | 132 | 89.47
2 | 31 | 166 | 97.68
2 | 32 | 195 | 76.87
2 | 33 | 191 | 90.83
2 | 34 | 121 | 75.55
2 | 35 | 105 | 63.87
2 | 36 | 172 | 62.05
2 | 37 | 105 | 94.78
2 | 38 | 153 | 99.59
2 | 39 | 167 | 96.76
2 | 40 | 178 | 93.95
2 | 41 | 103 | 69.28
2 | 42 | 179 | 63.01
2 | 43 | 184 | 76.96
2 | 44 | 112 | 98.14
2 | 45 | 128 | 78.86
2 | 46 | 180 | 78.95
2 | 47 | 176 | 68.47
2 | 48 | 173 | 93.03
2 | 49 | 189 | 75.95
2 | 50 | 118 | 89.99
2 | 51 | 185 | 64.6
2 | 52 | 151 | 89.46
2 | 53 | 116 | 73.27
2 | 54 | 102 | 91.35
2 | 55 | 118 | 68.13
2 | 56 | 190 | 76.84
2 | 57 | 175 | 95.83
2 | 58 | 125 | 70.7
2 | 59 | 140 | 66.52
2 | 60 | 121 | 99.45
2 | 61 | 109 | 78.86
2 | 62 | 112 | 62.69
2 | 63 | 105 | 97.8
2 | 64 | 127 | 62.38
2 | 65 | 131 | 66.1
2 | 66 | 188 | 70.17
2 | 67 | 100 | 74.49
2 | 68 | 152 | 68.16
2 | 69 | 161 | 67.53
3 | 0 | 74 | 63.95
3 | 1 | 102 | 60.43
3 | 2 | 76 | 93.04
3 | 3 | 94 | 76.32
3 | 4 | 63 | 79.01
3 | 5 | 72 | 79.44
3 | 6 | 100 | 66.49
3 | 7 | 89 | 62.13
3 | 8 | 63 | 97.39
3 | 9 | 87 | 74.89
3 | 10 | 93 | 77.55
3 | 11 | 98 | 90.86
3 | 12 | 62 | 66.88
3 | 13 | 103 | 95.61
3 | 14 | 92 | 98.84
3 | 15 | 89 | 70.8
3 | 16 | 79 | 89.19
3 | 17 | 98 | 76.53
3 | 18 | 94 | 91.65
3 | 19 | 74 | 70.78
3 | 20 | 79 | 82.69
3 | 21 | 99 | 71.04
3 | 22 | 66 | 75.17
3 | 23 | 65 | 98.08
3 | 24 | 74 | 81.95
3 | 25 | 91 | 77.59
3 | 26 | 97 | 68.12
3 | 27 | 60 | 62.15
3 | 28 | 74 | 60.18
3 | 29 | 63 | 84.15
3 | 30 | 100 | 63
3 | 31 | 96 | 64.69
3 | 32 | 85 | 70.31
3 | 33 | 79 | 72.23
3 | 34 | 78 | 91.05
3 | 35 | 79 | 67.74
3 | 36 | 98 | 76.84
3 | 37 | 85 | 75.76
3 | 38 | 75 | 60.38
3 | 39 | 60 | 77.96
3 | 40 | 76 | 92.78
3 | 41 | 81 | 60.52
3 | 42 | 73 | 80.13
3 | 43 | 60 | 89.28
3 | 44 | 77 | 64.63
3 | 45 | 58 | 96.23
3 | 46 | 74 | 60.43
3 | 47 | 59 | 65.06
3 | 48 | 100 | 83.41
3 | 49 | 99 | 76.05
3 | 50 | 87 | 60.68
3 | 51 | 69 | 97.15
3 | 52 | 103 | 60.72
3 | 53 | 79 | 97.17
3 | 54 | 74 | 68.29
3 | 55 | 97 | 71.02
3 | 56 | 57 | 76.2
3 | 57 | 78 | 71.57
3 | 58 | 81 | 65.19
3 | 59 | 80 | 94.69
3 | 60 | 64 | 96.54
3 | 61 | 93 | 67.16
3 | 62 | 60 | 61.31
3 | 63 | 86 | 93.53
3 | 64 | 84 | 85.83
3 | 65 | 52 | 87.36
3 | 66 | 94 | 82.34
3 | 67 | 95 | 94.03
3 | 68 | 66 | 73.46
3 | 69 | 71 | 81.3
4 | 0 | 132 | 93.17
4 | 1 | 146 | 96.56
4 | 2 | 134 | 77.85
4 | 3 | 199 | 96.64
4 | 4 | 162 | 78.98
4 | 5 | 143 | 70.53
4 | 6 | 208 | 63.29
4 | 7 | 172 | 83.77
4 | 8 | 166 | 72.79
4 | 9 | 186 | 94.92
4 | 10 | 107 | 91.59
4 | 11 | 108 | 92.76
4 | 12 | 188 | 91.1
4 | 13 | 157 | 92.91
4 | 14 | 106 | 81.96
4 | 15 | 128 | 73.2
4 | 16 | 138 | 78.75
4 | 17 | 111 | 91.64
4 | 18 | 150 | 69.18
4 | 19 | 208 | 72.62
4 | 20 | 180 | 69.43
4 | 21 | 203 | 75.98
4 | 22 | 197 | 74.65
4 | 23 | 132 | 90.22
4 | 24 | 122 | 80.08
4 | 25 | 150 | 60.38
4 | 26 | 182 | 73.85
4 | 27 | 160 | 60.74
4 | 28 | 178 | 95.57
4 | 29 | 160 | 93.1
4 | 30 | 130 | 60.66
4 | 31 | 130 | 96.81
4 | 32 | 178 | 64.09
4 | 33 | 167 | 94.68
4 | 34 | 203 | 70.88
4 | 35 | 167 | 88.75
4 | 36 | 159 | 74.31
4 | 37 | 182 | 75.39
4 | 38 | 144 | 76.18
4 | 39 | 130 | 86.94
4 | 40 | 110 | 62.14
4 | 41 | 163 | 96.35
4 | 42 | 140 | 94.41
4 | 43 | 146 | 94.61
4 | 44 | 175 | 97.93
4 | 45 | 183 | 94.65
4 | 46 | 160 | 83.49
4 | 47 | 159 | 98.06
4 | 48 | 124 | 94.02
4 | 49 | 154 | 64.76
4 | 50 | 190 | 73.43
4 | 51 | 125 | 76.18
4 | 52 | 177 | 88.43
4 | 53 | 106 | 77.15
4 | 54 | 155 | 64.59
4 | 55 | 172 | 82.92
4 | 56 | 161 | 61.83
4 | 57 | 163 | 99.28
4 | 58 | 153 | 80.25
4 | 59 | 132 | 83.75
4 | 60 | 120 | 93.25
4 | 61 | 169 | 85.18
4 | 62 | 142 | 87.75
4 | 63 | 202 | 91.34
4 | 64 | 176 | 74.06
4 | 65 | 142 | 76.76
4 | 66 | 148 | 94.64
4 | 67 | 158 | 85.84
4 | 68 | 156 | 60.36
4 | 69 | 197 | 73.44
5 | 0 | 134 | 65.17
5 | 1 | 194 | 61.32
5 | 2 | 103 | 90.65
5 | 3 | 168 | 96.13
5 | 4 | 193 | 67.07
5 | 5 | 199 | 73.11
5 | 6 | 136 | 88.56
5 | 7 | 190 | 77.43
5 | 8 | 186 | 90.03
5 | 9 | 136 | 89.2
5 | 10 | 149 | 69.92
5 | 11 | 178 | 72.21
5 | 12 | 146 | 74.2
5 | 13 | 151 | 94.58
5 | 14 | 121 | 78.64
5 | 15 | 174 | 80.62
5 | 16 | 111 | 91.27
5 | 17 | 179 | 98.25
5 | 18 | 134 | 87.96
5 | 19 | 172 | 70.64
5 | 20 | 199 | 89.93
5 | 21 | 126 | 90.99
5 | 22 | 124 | 81.3
5 | 23 | 109 | 97.66
5 | 24 | 124 | 74.25
5 | 25 | 131 | 75.31
5 | 26 | 186 | 71.5
5 | 27 | 183 | 66.03
5 | 28 | 108 | 65.34
5 | 29 | 118 | 79.61
5 | 30 | 154 | 87.55
5 | 31 | 132 | 60.52
5 | 32 | 191 | 65.78
5 | 33 | 146 | 94.94
5 | 34 | 186 | 74.78
5 | 35 | 167 | 95.42
5 | 36 | 187 | 60.79
5 | 37 | 130 | 95.14
5 | 38 | 105 | 97.36
5 | 39 | 142 | 64.71
5 | 40 | 143 | 91.59
5 | 41 | 164 | 80.72
5 | 42 | 159 | 81.44
5 | 43 | 132 | 68.93
5 | 44 | 124 | 63.41
5 | 45 | 173 | 61.23
5 | 46 | 124 | 72.42
5 | 47 | 187 | 62.46
5 | 48 | 122 | 84.66
5 | 49 | 149 | 63.11
5 | 50 | 110 | 82.06
5 | 51 | 130 | 69.8
5 | 52 | 172 | 93.26
5 | 53 | 168 | 97.08
5 | 54 | 116 | 68.66
5 | 55 | 145 | 60.02
5 | 56 | 162 | 72.59
5 | 57 | 120 | 63.45
5 | 58 | 152 | 68.18
5 | 59 | 175 | 65.69
5 | 60 | 160 | 91.59
5 | 61 | 156 | 93.77
5 | 62 | 102 | 94.46
5 | 63 | 133 | 86.05
5 | 64 | 128 | 82.46
5 | 65 | 168 | 63.69
5 | 66 | 145 | 73.56
5 | 67 | 129 | 83.44
5 | 68 | 145 | 94.21
5 | 69 | 111 | 84.72
6 | 0 | 177 | 90.22
6 | 1 | 212 | 88.21
6 | 2 | 127 | 91.19
6 | 3 | 189 | 91.28
6 | 4 | 147 | 83.56
6 | 5 | 213 | 69.15
6 | 6 | 156 | 83.57
6 | 7 | 170 | 64.91
6 | 8 | 175 | 75.11
6 | 9 | 146 | 84.79
6 | 10 | 178 | 79.97
6 | 11 | 224 | 98.79
6 | 12 | 154 | 83.21
6 | 13 | 164 | 65.75
6 | 14 | 201 | 82.53
6 | 15 | 123 | 83.33
6 | 16 | 185 | 76.81
6 | 17 | 174 | 68.68
6 | 18 | 187 | 60.83
6 | 19 | 217 | 87.87
6 | 20 | 160 | 85
6 | 21 | 205 | 70.01
6 | 22 | 126 | 63.32
6 | 23 | 221 | 83.24
6 | 24 | 173 | 69.95
6 | 25 | 176 | 90.44
6 | 26 | 214 | 73.76
6 | 27 | 144 | 96.92
6 | 28 | 204 | 66.99
6 | 29 | 160 | 61.07
6 | 30 | 220 | 94.86
6 | 31 | 149 | 94.7
6 | 32 | 114 | 79.11
6 | 33 | 147 | 77.77
6 | 34 | 140 | 82.57
6 | 35 | 221 | 82.16
6 | 36 | 165 | 82.1
6 | 37 | 117 | 62.45
6 | 38 | 187 | 81.78
6 | 39 | 143 | 74.05
6 | 40 | 131 | 92.11
6 | 41 | 193 | 78.16
6 | 42 | 210 | 67.86
6 | 43 | 186 | 91.54
6 | 44 | 178 | 89.36
6 | 45 | 155 | 69.68
6 | 46 | 144 | 98.37
6 | 47 | 219 | 94.61
6 | 48 | 191 | 79.38
6 | 49 | 115 | 61.9
6 | 50 | 165 | 65.29
6 | 51 | 122 | 61.03
6 | 52 | 227 | 67.87
6 | 53 | 224 | 85.46
6 | 54 | 120 | 90.74
6 | 55 | 171 | 83.48
6 | 56 | 202 | 65.23
6 | 57 | 175 | 72.46
6 | 58 | 155 | 67.47
6 | 59 | 212 | 92.88
6 | 60 | 219 | 64.26
6 | 61 | 171 | 74.51
6 | 62 | 166 | 90.58
6 | 63 | 214 | 68.6
6 | 64 | 162 | 86.71
6 | 65 | 117 | 81.29
6 | 66 | 212 | 77.84
6 | 67 | 225 | 85.26
6 | 68 | 166 | 74.46
6 | 69 | 162 | 99.99
7 | 0 | 12 | 93.61
7 | 1 | 11 | 70.92
7 | 2 | 14 | 85.95
7 | 3 | 15 | 73.92
7 | 4 | 14 | 94.62
7 | 5 | 13 | 73.01
7 | 6 | 13 | 70.56
7 | 7 | 15 | 73.68
7 | 8 | 15 | 86.2
7 | 9 | 9 | 66.01
7 | 10 | 9 | 71.72
7 | 11 | 10 | 64.65
7 | 12 | 12 | 93.31
7 | 13 | 10 | 88.77
7 | 14 | 9 | 93.45
7 | 15 | 9 | 81.86
7 | 16 | 13 | 73.29
7 | 17 | 8 | 89.69
7 | 18 | 9 | 95.92
7 | 19 | 8 | 66.65
7 | 20 | 10 | 85.92
7 | 21 | 9 | 84.26
7 | 22 | 10 | 62.14
7 | 23 | 10 | 98.87
7 | 24 | 8 | 91
7 | 25 | 11 | 92.3
7 | 26 | 8 | 80.91
7 | 27 | 8 | 94.54
7 | 28 | 9 | 65.23
7 | 29 | 14 | 61.11
7 | 30 | 13 | 80.55
7 | 31 | 10 | 70.53
7 | 32 | 15 | 77.09
7 | 33 | 12 | 75.98
7 | 34 | 14 | 63.35
7 | 35 | 12 | 86.61
7 | 36 | 11 | 92.35
7 | 37 | 13 | 90.82
7 | 38 | 12 | 72.38
7 | 39 | 15 | 79.35
7 | 40 | 8 | 82.71
7 | 41 | 10 | 99.65
7 | 42 | 14 | 70.42
7 | 43 | 13 | 83.52
7 | 44 | 8 | 75.91
7 | 45 | 12 | 73.3
7 | 46 | 8 | 65.03
7 | 47 | 8 | 73.52
7 | 48 | 9 | 78.58
7 | 49 | 15 | 66.1
7 | 50 | 14 | 94.11
7 | 51 | 9 | 90.65
7 | 52 | 15 | 81.07
7 | 53 | 10 | 93.7
7 | 54 | 14 | 93.29
7 | 55 | 14 | 91.88
7 | 56 | 15 | 98.96
7 | 57 | 15 | 95.84
7 | 58 | 9 | 79.42
7 | 59 | 12 | 61.11
7 | 60 | 13 | 96.74
7 | 61 | 12 | 86.86
7 | 62 | 15 | 63.51
7 | 63 | 9 | 86.69
7 | 64 | 13 | 76.63
7 | 65 | 12 | 62.04
7 | 66 | 9 | 92.3
7 | 67 | 9 | 86.36
7 | 68 | 8 | 79.21
7 | 69 | 9 | 88.99
8 | 0 | 152 | 89.14
8 | 1 | 164 | 96.39
8 | 2 | 158 | 92.25
8 | 3 | 193 | 71.42
8 | 4 | 152 | 82.96
8 | 5 | 179 | 91.55
8 | 6 | 137 | 60.51
8 | 7 | 225 | 86.21
8 | 8 | 127 | 98.36
8 | 9 | 159 | 90.32
8 | 10 | 134 | 91.32
8 | 11 | 220 | 85.22
8 | 12 | 159 | 70.45
8 | 13 | 123 | 62.66
8 | 14 | 137 | 79.78
8 | 15 | 200 | 79.3
8 | 16 | 210 | 84.57
8 | 17 | 205 | 97.42
8 | 18 | 166 | 91.96
8 | 19 | 133 | 85.15
8 | 20 | 195 | 64.35
8 | 21 | 203 | 82.26
8 | 22 | 193 | 65.86
8 | 23 | 126 | 74.3
8 | 24 | 200 | 60.6
8 | 25 | 132 | 80.95
8 | 26 | 177 | 76.99
8 | 27 | 228 | 78.61
8 | 28 | 173 | 89.13
8 | 29 | 147 | 61.24
8 | 30 | 143 | 89.54
8 | 31 | 141 | 78.55
8 | 32 | 143 | 67.3
8 | 33 | 220 | 71.31
8 | 34 | 144 | 93.35
8 | 35 | 207 | 87.75
8 | 36 | 137 | 87.19
8 | 37 | 160 | 63.18
8 | 38 | 140 | 93.61
8 | 39 | 178 | 71.5
8 | 40 | 210 | 77.4
8 | 41 | 133 | 78.93
8 | 42 | 156 | 92.29
8 | 43 | 209 | 77.08
8 | 44 | 217 | 86.22
8 | 45 | 156 | 88.73
8 | 46 | 121 | 98.96
8 | 47 | 152 | 90.08
8 | 48 | 193 | 85.35
8 | 49 | 182 | 79.24
8 | 50 | 139 | 93.62
8 | 51 | 141 | 63.86
8 | 52 | 148 | 66.74
8 | 53 | 206 | 76.8
8 | 54 | 227 | 95.26
8 | 55 | 158 | 97.87
8 | 56 | 142 | 83.99
8 | 57 | 189 | 91.88
8 | 58 | 192 | 67.22
8 | 59 | 123 | 66.07
8 | 60 | 179 | 95.57
8 | 61 | 206 | 89.67
8 | 62 | 142 | 74.14
8 | 63 | 131 | 77.94
8 | 64 | 218 | 78.74
8 | 65 | 169 | 66
8 | 66 | 194 | 95.06
8 | 67 | 147 | 72.36
8 | 68 | 189 | 60.99
8 | 69 | 204 | 99.06
9 | 0 | 96 | 73.46
9 | 1 | 116 | 78.56
9 | 2 | 111 | 60.21
9 | 3 | 112 | 93.85
9 | 4 | 104 | 67.27
9 | 5 | 96 | 68.51
9 | 6 | 131 | 75.37
9 | 7 | 76 | 80.23
9 | 8 | 79 | 70.81
9 | 9 | 81 | 71.56
9 | 10 | 106 | 65.84
9 | 11 | 116 | 84.56
9 | 12 | 133 | 95.11
9 | 13 | 75 | 84.97
9 | 14 | 116 | 61.15
9 | 15 | 100 | 90.97
9 | 16 | 84 | 94.49
9 | 17 | 106 | 92.67
9 | 18 | 124 | 71.56
9 | 19 | 93 | 80.25
9 | 20 | 77 | 74.56
9 | 21 | 76 | 80.01
9 | 22 | 122 | 85.83
9 | 23 | 87 | 62.78
9 | 24 | 120 | 90.38
9 | 25 | 73 | 63.6
9 | 26 | 85 | 64.1
9 | 27 | 129 | 86.41
9 | 28 | 106 | 83.52
9 | 29 | 73 | 83.02
9 | 30 | 119 | 61.77
9 | 31 | 100 | 81.02
9 | 32 | 120 | 92.82
9 | 33 | 82 | 65.19
9 | 34 | 93 | 94.74
9 | 35 | 73 | 98.63
9 | 36 | 92 | 65.99
9 | 37 | 100 | 72.39
9 | 38 | 106 | 76.63
9 | 39 | 114 | 61.18
9 | 40 | 88 | 97.95
9 | 41 | 129 | 81.22
9 | 42 | 127 | 85.43
9 | 43 | 124 | 97.7
9 | 44 | 67 | 66.57
9 | 45 | 132 | 72.68
9 | 46 | 78 | 70.26
9 | 47 | 126 | 98.36
9 | 48 | 76 | 87.66
9 | 49 | 89 | 82.45
9 | 50 | 106 | 87.78
9 | 51 | 111 | 75.14
9 | 52 | 89 | 88.46
9 | 53 | 123 | 85.43
9 | 54 | 70 | 63.67
9 | 55 | 126 | 96.84
9 | 56 | 86 | 62.45
9 | 57 | 87 | 90.45
9 | 58 | 85 | 66.07
9 | 59 | 133 | 81.13
9 | 60 | 101 | 98.28
9 | 61 | 117 | 78.3
9 | 62 | 126 | 76.08
9 | 63 | 100 | 96.85
9 | 64 | 101 | 71.59
9 | 65 | 133 | 70.61
9 | 66 | 111 | 84.66
9 | 67 | 84 | 96.91
9 | 68 | 107 | 71.08
9 | 69 | 85 | 66.92
10 | 0 | 173 | 75.56
10 | 1 | 101 | 85.64
10 | 2 | 160 | 78.7
10 | 3 | 158 | 74.02
10 | 4 | 176 | 70.97
10 | 5 | 154 | 63.69
10 | 6 | 96 | 98.63
10 | 7 | 144 | 94.14
10 | 8 | 137 | 79.37
10 | 9 | 127 | 89.74
10 | 10 | 105 | 71.15
10 | 11 | 103 | 97.65
10 | 12 | 138 | 94.48
10 | 13 | 161 | 90.08
10 | 14 | 164 | 74.47
10 | 15 | 160 | 81.02
10 | 16 | 101 | 89.47
10 | 17 | 163 | 75.56
10 | 18 | 156 | 71.56
10 | 19 | 186 | 62.37
10 | 20 | 123 | 72.75
10 | 21 | 155 | 70.08
10 | 22 | 178 | 78.86
10 | 23 | 118 | 94.34
10 | 24 | 165 | 79.16
10 | 25 | 170 | 75.28
10 | 26 | 142 | 79.55
10 | 27 | 140 | 78.46
10 | 28 | 133 | 65.16
10 | 29 | 106 | 73.66
10 | 30 | 169 | 77.01
10 | 31 | 171 | 64.86
10 | 32 | 136 | 96.63
10 | 33 | 151 | 85.11
10 | 34 | 157 | 62.18
10 | 35 | 166 | 97.93
10 | 36 | 136 | 85.13
10 | 37 | 184 | 81.97
10 | 38 | 120 | 73.78
10 | 39 | 129 | 81.17
10 | 40 | 121 | 81.07
10 | 41 | 123 | 92.98
10 | 42 | 182 | 81.31
10 | 43 | 171 | 63.36
10 | 44 | 124 | 91.67
10 | 45 | 112 | 89.2
10 | 46 | 163 | 78.2
10 | 47 | 138 | 73.42
10 | 48 | 96 | 77.29
10 | 49 | 155 | 82.56
10 | 50 | 166 | 96.1
10 | 51 | 131 | 72.75
10 | 52 | 130 | 70.96
10 | 53 | 122 | 83.08
10 | 54 | 181 | 81.1
10 | 55 | 105 | 71.59
10 | 56 | 176 | 64.54
10 | 57 | 164 | 70.79
10 | 58 | 143 | 69.03
10 | 59 | 122 | 89.81
10 | 60 | 163 | 88.8
10 | 61 | 187 | 66.2
10 | 62 | 98 | 99.02
10 | 63 | 143 | 72.77
10 | 64 | 171 | 65.27
10 | 65 | 166 | 85.91
10 | 66 | 113 | 93.59
10 | 67 | 185 | 99.38
10 | 68 | 166 | 84.7
10 | 69 | 111 | 89.95
11 | 0 | 172 | 67.84
11 | 1 | 154 | 82.05
11 | 2 | 144 | 89.69
11 | 3 | 93 | 82.93
11 | 4 | 175 | 72.12
11 | 5 | 144 | 97.4
11 | 6 | 171 | 68.41
11 | 7 | 103 | 83.34
11 | 8 | 97 | 99.29
11 | 9 | 144 | 61.47
11 | 10 | 114 | 81.96
11 | 11 | 137 | 83.7
11 | 12 | 117 | 81.85
11 | 13 | 98 | 74.99
11 | 14 | 154 | 69.54
11 | 15 | 137 | 68.56
11 | 16 | 121 | 63.68
11 | 17 | 132 | 91.6
11 | 18 | 88 | 83.56
11 | 19 | 168 | 78.55
11 | 20 | 131 | 97.61
11 | 21 | 112 | 86.18
11 | 22 | 166 | 81.3
11 | 23 | 146 | 85.43
11 | 24 | 134 | 72.11
11 | 25 | 116 | 60.33
11 | 26 | 166 | 79.95
11 | 27 | 156 | 76.53
11 | 28 | 126 | 69.36
11 | 29 | 173 | 98.83
11 | 30 | 101 | 88.92
11 | 31 | 172 | 76.69
11 | 32 | 135 | 81.44
11 | 33 | 170 | 83.27
11 | 34 | 161 | 85.99
11 | 35 | 133 | 61.26
11 | 36 | 121 | 82.93
11 | 37 | 127 | 98.23
11 | 38 | 155 | 83.56
11 | 39 | 95 | 76.21
11 | 40 | 126 | 95.31
11 | 41 | 134 | 70.46
11 | 42 | 102 | 76.13
11 | 43 | 98 | 99.46
11 | 44 | 170 | 62.18
11 | 45 | 119 | 82.97
11 | 46 | 165 | 92.69
11 | 47 | 140 | 92.12
11 | 48 | 154 | 84.51
11 | 49 | 161 | 63.74
11 | 50 | 136 | 94.99
11 | 51 | 174 | 99.26
11 | 52 | 173 | 80.82
11 | 53 | 102 | 82.53
11 | 54 | 175 | 67.41
11 | 55 | 114 | 86.9
11 | 56 | 101 | 79.93
11 | 57 | 146 | 99.53
11 | 58 | 141 | 94.29
11 | 59 | 95 | 85.07
11 | 60 | 111 | 82.35
11 | 61 | 132 | 96.25
11 | 62 | 101 | 77.76
11 | 63 | 91 | 66.51
11 | 64 | 118 | 61.4
11 | 65 | 92 | 81.29
11 | 66 | 120 | 91.65
11 | 67 | 127 | 66.41
11 | 68 | 123 | 96.15
11 | 69 | 122 | 63.06
12 | 0 | 81 | 76.66
12 | 1 | 126 | 60.51
12 | 2 | 85 | 75.73
12 | 3 | 123 | 76.41
12 | 4 | 79 | 97.35
12 | 5 | 89 | 67.38
12 | 6 | 116 | 88.25
12 | 7 | 121 | 61.61
12 | 8 | 116 | 63.27
12 | 9 | 101 | 65.2
12 | 10 | 132 | 67.21
12 | 11 | 100 | 61.99
12 | 12 | 150 | 64.57
12 | 13 | 132 | 94.03
12 | 14 | 87 | 74.85
12 | 15 | 125 | 70.28
12 | 16 | 126 | 86.65
12 | 17 | 117 | 71.97
12 | 18 | 90 | 73.76
12 | 19 | 117 | 73.98
12 | 20 | 115 | 89.04
12 | 21 | 148 | 66.56
12 | 22 | 98 | 97.05
12 | 23 | 106 | 66.63
12 | 24 | 120 | 60.32
12 | 25 | 79 | 72.64
12 | 26 | 84 | 92.23
12 | 27 | 108 | 84.28
12 | 28 | 135 | 93.85
12 | 29 | 116 | 73.44
12 | 30 | 103 | 64.89
12 | 31 | 106 | 95.78
12 | 32 | 116 | 88.72
12 | 33 | 93 | 64.03
12 | 34 | 102 | 85.89
12 | 35 | 86 | 60.32
12 | 36 | 114 | 85.15
12 | 37 | 92 | 74.37
12 | 38 | 103 | 89.18
12 | 39 | 105 | 67.35
12 | 40 | 114 | 96.17
12 | 41 | 147 | 83.72
12 | 42 | 102 | 97.53
12 | 43 | 152 | 71.68
12 | 44 | 117 | 74.59
12 | 45 | 103 | 69.32
12 | 46 | 107 | 89.21
12 | 47 | 125 | 90.31
12 | 48 | 105 | 79.21
12 | 49 | 101 | 78.94
12 | 50 | 114 | 81.45
12 | 51 | 123 | 78.13
12 | 52 | 134 | 94.26
12 | 53 | 91 | 80.4
12 | 54 | 126 | 74.79
12 | 55 | 122 | 85.47
12 | 56 | 136 | 73.07
12 | 57 | 112 | 60.82
12 | 58 | 111 | 77.56
12 | 59 | 136 | 83.91
12 | 60 | 126 | 99.89
12 | 61 | 128 | 63.88
12 | 62 | 89 | 70.74
12 | 63 | 123 | 65.02
12 | 64 | 115 | 93.04
12 | 65 | 77 | 85.86
12 | 66 | 84 | 80.88
12 | 67 | 118 | 72.42
12 | 68 | 91 | 88.09
12 | 69 | 136 | 79.13
13 | 0 | 15 | 62.29
13 | 1 | 15 | 78.67
13 | 2 | 18 | 81.54
13 | 3 | 12 | 96.67
13 | 4 | 16 | 89.82
13 | 5 | 18 | 66.23
13 | 6 | 14 | 83.46
13 | 7 | 12 | 91.75
13 | 8 | 11 | 69.45
13 | 9 | 15 | 75.98
13 | 10 | 13 | 61.73
13 | 11 | 16 | 64.16
13 | 12 | 12 | 66.36
13 | 13 | 14 | 66.55
13 | 14 | 19 | 61.29
13 | 15 | 15 | 77.7
13 | 16 | 10 | 68.9
13 | 17 | 12 | 64.34
13 | 18 | 18 | 68.22
13 | 19 | 16 | 82.98
13 | 20 | 18 | 71.56
13 | 21 | 15 | 77.07
13 | 22 | 12 | 81.69
13 | 23 | 10 | 65.68
13 | 24 | 14 | 91.4
13 | 25 | 13 | 72.1
13 | 26 | 12 | 76.04
13 | 27 | 16 | 82.43
13 | 28 | 16 | 89.56
13 | 29 | 12 | 66.43
13 | 30 | 12 | 80.84
13 | 31 | 11 | 84.54
13 | 32 | 17 | 73.24
13 | 33 | 17 | 76.56
13 | 34 | 16 | 78.22
13 | 35 | 13 | 64.81
13 | 36 | 11 | 63.47
13 | 37 | 16 | 93.95
13 | 38 | 15 | 95.28
13 | 39 | 11 | 73.03
13 | 40 | 10 | 89.86
13 | 41 | 13 | 66.12
13 | 42 | 10 | 73.11
13 | 43 | 19 | 73.22
13 | 44 | 13 | 76.32
13 | 45 | 19 | 73.17
13 | 46 | 12 | 64.9
13 | 47 | 14 | 98.69
13 | 48 | 13 | 89.94
13 | 49 | 14 | 96.32
13 | 50 | 13 | 92.03
13 | 51 | 15 | 60.83
13 | 52 | 10 | 60.43
13 | 53 | 13 | 97.67
13 | 54 | 13 | 90.42
13 | 55 | 15 | 83.04
13 | 56 | 14 | 98.4
13 | 57 | 16 | 89.11
13 | 58 | 19 | 88.1
13 | 59 | 17 | 83.71
13 | 60 | 10 | 68.45
13 | 61 | 14 | 63.82
13 | 62 | 17 | 71.26
13 | 63 | 16 | 80.02
13 | 64 | 18 | 66.29
13 | 65 | 13 | 95.08
13 | 66 | 14 | 76.97
13 | 67 | 10 | 89.23
13 | 68 | 15 | 69.33
13 | 69 | 11 | 94.79
14 | 0 | 33 | 99.42
14 | 1 | 64 | 84.84
14 | 2 | 36 | 76.13
14 | 3 | 33 | 68.05
14 | 4 | 39 | 90.38
14 | 5 | 44 | 62.01
14 | 6 | 57 | 82.53
14 | 7 | 44 | 80.56
14 | 8 | 60 | 75.29
14 | 9 | 63 | 80.09
14 | 10 | 48 | 60.89
14 | 11 | 41 | 91.57
14 | 12 | 61 | 73.12
14 | 13 | 59 | 99.52
14 | 14 | 54 | 73.81
14 | 15 | 33 | 98.37
14 | 16 | 58 | 61.03
14 | 17 | 63 | 76.31
14 | 18 | 52 | 84.8
14 | 19 | 65 | 86.86
14 | 20 | 44 | 64.32
14 | 21 | 36 | 79.33
14 | 22 | 44 | 85.71
14 | 23 | 47 | 88.06
14 | 24 | 58 | 97.45
14 | 25 | 55 | 73.93
14 | 26 | 61 | 84.41
14 | 27 | 49 | 81.86
14 | 28 | 53 | 93.84
14 | 29 | 41 | 70.04
14 | 30 | 65 | 86.18
14 | 31 | 51 | 87.05
14 | 32 | 50 | 60.08
14 | 33 | 65 | 83.68
14 | 34 | 60 | 98.1
14 | 35 | 49 | 90.59
14 | 36 | 51 | 74.46
14 | 37 | 40 | 87.91
14 | 38 | 53 | 68.57
14 | 39 | 49 | 99.18
14 | 40 | 62 | 60.24
14 | 41 | 50 | 72.49
14 | 42 | 48 | 62.31
14 | 43 | 43 | 62.78
14 | 44 | 61 | 60.78
14 | 45 | 56 | 91.27
14 | 46 | 42 | 66.24
14 | 47 | 60 | 82.32
14 | 48 | 50 | 66.85
14 | 49 | 63 | 71.89
14 | 50 | 48 | 62.87
14 | 51 | 53 | 92.93
14 | 52 | 58 | 95.4
14 | 53 | 43 | 74.69
14 | 54 | 42 | 75.05
14 | 55 | 36 | 68.91
14 | 56 | 57 | 74.83
14 | 57 | 46 | 95.94
14 | 58 | 46 | 99.58
14 | 59 | 45 | 88.55
14 | 60 | 52 | 73.46
14 | 61 | 39 | 94.96
14 | 62 | 45 | 87.19
14 | 63 | 37 | 84.19
14 | 64 | 38 | 75.84
14 | 65 | 59 | 85.79
14 | 66 | 37 | 72.41
14 | 67 | 38 | 67.05
14 | 68 | 43 | 66.03
14 | 69 | 46 | 70.88
15 | 0 | 137 | 89.31
15 | 1 | 114 | 96.63
15 | 2 | 77 | 97.1
15 | 3 | 107 | 67.74
15 | 4 | 89 | 67.58
15 | 5 | 138 | 60.73
15 | 6 | 115 | 73.32
15 | 7 | 129 | 88.98
15 | 8 | 94 | 88.59
15 | 9 | 105 | 84.98
15 | 10 | 114 | 64.14
15 | 11 | 83 | 82.07
15 | 12 | 135 | 71.8
15 | 13 | 93 | 99.63
15 | 14 | 90 | 68.44
15 | 15 | 102 | 77.12
15 | 16 | 99 | 79.72
15 | 17 | 127 | 76.62
15 | 18 | 83 | 93.23
15 | 19 | 119 | 89.44
15 | 20 | 146 | 92.88
15 | 21 | 119 | 71.42
15 | 22 | 106 | 82.39
15 | 23 | 85 | 77.99
15 | 24 | 131 | 76.31
15 | 25 | 95 | 61.58
15 | 26 | 80 | 69.28
15 | 27 | 147 | 72.01
15 | 28 | 133 | 75.22
15 | 29 | 104 | 68.25
15 | 30 | 151 | 91.3
15 | 31 | 150 | 84.63
15 | 32 | 108 | 99.84
15 | 33 | 110 | 96.9
15 | 34 | 151 | 94.91
15 | 35 | 123 | 76.33
15 | 36 | 90 | 88.09
15 | 37 | 142 | 79.77
15 | 38 | 98 | 76.39
15 | 39 | 101 | 89.89
15 | 40 | 129 | 69.53
15 | 41 | 97 | 85.81
15 | 42 | 89 | 86.66
15 | 43 | 114 | 74.96
15 | 44 | 122 | 75.37
15 | 45 | 84 | 62.04
15 | 46 | 126 | 77.75
15 | 47 | 97 | 91.99
15 | 48 | 139 | 66.42
15 | 49 | 114 | 86.25
15 | 50 | 98 | 83.93
15 | 51 | 111 | 93.86
15 | 52 | 129 | 64.77
15 | 53 | 104 | 61.78
15 | 54 | 112 | 72.44
15 | 55 | 153 | 88.03
15 | 56 | 141 | 94.78
15 | 57 | 88 | 93.23
15 | 58 | 96 | 86.5
15 | 59 | 143 | 62.67
15 | 60 | 109 | 64.88
15 | 61 | 86 | 85.56
15 | 62 | 108 | 77.88
15 | 63 | 137 | 97.74
15 | 64 | 80 | 74.45
15 | 65 | 82 | 89.65
15 | 66 | 94 | 86.46
15 | 67 | 80 | 94.79
15 | 68 | 121 | 88.39
15 | 69 | 147 | 93.34
16 | 0 | 12 | 91.26
16 | 1 | 13 | 69.21
16 | 2 | 10 | 86.98
16 | 3 | 7 | 90.07
16 | 4 | 10 | 90.27
16 | 5 | 11 | 74.35
16 | 6 | 8 | 69.71
16 | 7 | 12 | 66.03
16 | 8 | 11 | 85.69
16 | 9 | 9 | 88.84
16 | 10 | 12 | 69.25
16 | 11 | 11 | 71.88
16 | 12 | 12 | 96.74
16 | 13 | 8 | 77.15
16 | 14 | 12 | 95.24
16 | 15 | 8 | 66.56
16 | 16 | 10 | 93.94
16 | 17 | 8 | 87.49
16 | 18 | 10 | 77.54
16 | 19 | 9 | 98.57
16 | 20 | 12 | 86.73
16 | 21 | 7 | 82.49
16 | 22 | 11 | 94.66
16 | 23 | 10 | 63.84
16 | 24 | 7 | 60.58
16 | 25 | 11 | 84.78
16 | 26 | 7 | 95.55
16 | 27 | 8 | 69.47
16 | 28 | 7 | 90.36
16 | 29 | 9 | 83.02
16 | 30 | 8 | 71.45
16 | 31 | 9 | 99.44
16 | 32 | 7 | 73.18
16 | 33 | 13 | 63.72
16 | 34 | 9 | 89.5
16 | 35 | 12 | 60.55
16 | 36 | 12 | 87.45
16 | 37 | 13 | 69.58
16 | 38 | 7 | 80.89
16 | 39 | 7 | 66.24
16 | 40 | 7 | 73.46
16 | 41 | 13 | 97.56
16 | 42 | 12 | 63.67
16 | 43 | 7 | 70.9
16 | 44 | 12 | 67.06
16 | 45 | 11 | 98.06
16 | 46 | 13 | 94
16 | 47 | 8 | 98.74
16 | 48 | 8 | 79.13
16 | 49 | 11 | 80.94
16 | 50 | 9 | 79.66
16 | 51 | 13 | 79.22
16 | 52 | 8 | 61.87
16 | 53 | 13 | 95.43
16 | 54 | 12 | 95.42
16 | 55 | 11 | 64.49
16 | 56 | 11 | 77.23
16 | 57 | 13 | 67.45
16 | 58 | 12 | 92.64
16 | 59 | 13 | 85.1
16 | 60 | 7 | 63.09
16 | 61 | 11 | 71.76
16 | 62 | 7 | 93.8
16 | 63 | 9 | 96.2
16 | 64 | 12 | 79.69
16 | 65 | 9 | 65.46
16 | 66 | 7 | 67.8
16 | 67 | 11 | 99.36
16 | 68 | 12 | 91.91
16 | 69 | 11 | 95.45
17 | 0 | 205 | 92.73
17 | 1 | 136 | 74.09
17 | 2 | 168 | 81.96
17 | 3 | 122 | 74.46
17 | 4 | 121 | 90.44
17 | 5 | 171 | 98.23
17 | 6 | 120 | 73
17 | 7 | 138 | 78.59
17 | 8 | 142 | 80.72
17 | 9 | 140 | 97.96
17 | 10 | 168 | 75.43
17 | 11 | 128 | 73.77
17 | 12 | 177 | 72.84
17 | 13 | 177 | 85.71
17 | 14 | 181 | 86.08
17 | 15 | 115 | 69.58
17 | 16 | 209 | 68.32
17 | 17 | 198 | 78.47
17 | 18 | 120 | 74.49
17 | 19 | 123 | 85.71
17 | 20 | 181 | 71.22
17 | 21 | 190 | 98.73
17 | 22 | 140 | 61.11
17 | 23 | 154 | 79.87
17 | 24 | 143 | 90.76
17 | 25 | 128 | 67.35
17 | 26 | 161 | 88.93
17 | 27 | 162 | 85.3
17 | 28 | 194 | 76.14
17 | 29 | 186 | 79.67
17 | 30 | 162 | 73.14
17 | 31 | 200 | 82.09
17 | 32 | 172 | 64.39
17 | 33 | 138 | 75.81
17 | 34 | 191 | 62.58
17 | 35 | 123 | 98.45
17 | 36 | 212 | 69.56
17 | 37 | 155 | 70.65
17 | 38 | 187 | 82.38
17 | 39 | 160 | 66.37
17 | 40 | 173 | 75.17
17 | 41 | 156 | 60.91
17 | 42 | 191 | 88.78
17 | 43 | 143 | 80.78
17 | 44 | 108 | 71.78
17 | 45 | 156 | 74.27
17 | 46 | 153 | 95.33
17 | 47 | 173 | 92.08
17 | 48 | 201 | 87.49
17 | 49 | 179 | 89.27
17 | 50 | 117 | 63.67
17 | 51 | 172 | 98.95
17 | 52 | 194 | 71.77
17 | 53 | 147 | 95.25
17 | 54 | 138 | 92.89
17 | 55 | 114 | 81.8
17 | 56 | 142 | 71.63
17 | 57 | 191 | 97.72
17 | 58 | 141 | 67.98
17 | 59 | 185 | 66.62
17 | 60 | 123 | 63.83
17 | 61 | 115 | 87.45
17 | 62 | 165 | 81.02
17 | 63 | 195 | 74.84
17 | 64 | 160 | 78.16
17 | 65 | 204 | 80.42
17 | 66 | 109 | 98.04
17 | 67 | 123 | 97.14
17 | 68 | 183 | 64.21
17 | 69 | 144 | 60.95
18 | 0 | 56 | 69.84
18 | 1 | 41 | 67
18 | 2 | 39 | 77.46
18 | 3 | 61 | 61.95
18 | 4 | 62 | 96.97
18 | 5 | 58 | 64.83
18 | 6 | 39 | 70.71
18 | 7 | 59 | 93.57
18 | 8 | 62 | 77.01
18 | 9 | 36 | 93.94
18 | 10 | 67 | 72.75
18 | 11 | 40 | 65.95
18 | 12 | 65 | 86.6
18 | 13 | 45 | 97.04
18 | 14 | 65 | 98.67
18 | 15 | 57 | 81.47
18 | 16 | 60 | 61.02
18 | 17 | 56 | 64.93
18 | 18 | 59 | 84.87
18 | 19 | 36 | 98.78
18 | 20 | 49 | 91.14
18 | 21 | 59 | 88.92
18 | 22 | 60 | 76.59
18 | 23 | 50 | 73.27
18 | 24 | 43 | 60.31
18 | 25 | 35 | 64.14
18 | 26 | 45 | 97.09
18 | 27 | 56 | 97.75
18 | 28 | 53 | 73.19
18 | 29 | 64 | 62.98
18 | 30 | 56 | 74.72
18 | 31 | 55 | 82.3
18 | 32 | 38 | 63.91
18 | 33 | 58 | 86.47
18 | 34 | 48 | 98.21
18 | 35 | 47 | 83.53
18 | 36 | 37 | 72.92
18 | 37 | 58 | 85.47
18 | 38 | 52 | 69.77
18 | 39 | 43 | 81.5
18 | 40 | 50 | 69.45
18 | 41 | 54 | 65
18 | 42 | 56 | 92.31
18 | 43 | 48 | 86.14
18 | 44 | 40 | 71.37
18 | 45 | 58 | 61.56
18 | 46 | 64 | 99.17
18 | 47 | 38 | 95.43
18 | 48 | 63 | 74.24
18 | 49 | 60 | 96.95
18 | 50 | 61 | 73.3
18 | 51 | 41 | 64.12
18 | 52 | 52 | 68.32
18 | 53 | 61 | 61.48
18 | 54 | 63 | 68.09
18 | 55 | 48 | 74
18 | 56 | 50 | 75.31
18 | 57 | 67 | 65.4
18 | 58 | 51 | 92.69
18 | 59 | 35 | 86.47
18 | 60 | 44 | 75.83
18 | 61 | 40 | 79.43
18 | 62 | 67 | 82.49
18 | 63 | 39 | 82.42
18 | 64 | 43 | 84.08
18 | 65 | 51 | 63.53
18 | 66 | 47 | 78.75
18 | 67 | 52 | 96.75
18 | 68 | 47 | 98.07
18 | 69 | 43 | 97.58
19 | 0 | 33 | 71.47
19 | 1 | 23 | 71.9
19 | 2 | 27 | 91.52
19 | 3 | 30 | 78.72
19 | 4 | 20 | 75.45
19 | 5 | 23 | 69.01
19 | 6 | 32 | 98.21
19 | 7 | 31 | 96.86
19 | 8 | 24 | 72.31
19 | 9 | 21 | 65.64
19 | 10 | 24 | 89.53
19 | 11 | 30 | 83.27
19 | 12 | 22 | 99.32
19 | 13 | 33 | 94.96
19 | 14 | 27 | 83.28
19 | 15 | 28 | 66.94
19 | 16 | 23 | 81.32
19 | 17 | 22 | 84.65
19 | 18 | 25 | 64.37
19 | 19 | 18 | 88.9
19 | 20 | 19 | 62.68
19 | 21 | 30 | 72.06
19 | 22 | 32 | 87.57
19 | 23 | 22 | 77.04
19 | 24 | 32 | 63.93
19 | 25 | 17 | 67.9
19 | 26 | 30 | 87.85
19 | 27 | 28 | 92.08
19 | 28 | 17 | 61.33
19 | 29 | 21 | 71.86
19 | 30 | 21 | 85.62
19 | 31 | 21 | 80
19 | 32 | 21 | 87.16
19 | 33 | 23 | 91.32
19 | 34 | 24 | 82.21
19 | 35 | 24 | 87.16
19 | 36 | 17 | 95.21
19 | 37 | 21 | 78.36
19 | 38 | 30 | 75.3
19 | 39 | 27 | 91.23
19 | 40 | 26 | 67.88
19 | 41 | 25 | 80.3
19 | 42 | 31 | 84.2
19 | 43 | 17 | 94.37
19 | 44 | 31 | 60.07
19 | 45 | 28 | 75.69
19 | 46 | 17 | 62.01
19 | 47 | 29 | 74.98
19 | 48 | 33 | 80.08
19 | 49 | 29 | 60.04
19 | 50 | 32 | 84.47
19 | 51 | 20 | 79.66
19 | 52 | 17 | 98.61
19 | 53 | 17 | 74.83
19 | 54 | 28 | 84.61
19 | 55 | 18 | 79.61
19 | 56 | 25 | 94.45
19 | 57 | 30 | 78.4
19 | 58 | 27 | 87.83
19 | 59 | 20 | 93.54
19 | 60 | 17 | 89.28
19 | 61 | 29 | 78.73
19 | 62 | 28 | 73.9
19 | 63 | 26 | 94.15
19 | 64 | 19 | 73.44
19 | 65 | 32 | 65.81
19 | 66 | 32 | 90.15
19 | 67 | 30 | 85.79
19 | 68 | 29 | 61.1
19 | 69 | 26 | 75.53
20 | 0 | 194 | 64.55
20 | 1 | 177 | 68.01
20 | 2 | 176 | 75.35
20 | 3 | 217 | 66.63
20 | 4 | 155 | 77.91
20 | 5 | 154 | 63.21
20 | 6 | 111 | 92.63
20 | 7 | 123 | 79.33
20 | 8 | 156 | 91.03
20 | 9 | 214 | 65.93
20 | 10 | 113 | 70.41
20 | 11 | 216 | 86.6
20 | 12 | 114 | 85.83
20 | 13 | 142 | 67.33
20 | 14 | 163 | 63.61
20 | 15 | 193 | 87.95
20 | 16 | 173 | 68.56
20 | 17 | 127 | 60.31
20 | 18 | 130 | 62.34
20 | 19 | 199 | 90.98
20 | 20 | 169 | 78.77
20 | 21 | 185 | 99.25
20 | 22 | 122 | 77.25
20 | 23 | 132 | 77.41
20 | 24 | 162 | 89.71
20 | 25 | 195 | 72.7
20 | 26 | 116 | 78.65
20 | 27 | 116 | 97.66
20 | 28 | 143 | 73.26
20 | 29 | 169 | 88.4
20 | 30 | 158 | 61.78
20 | 31 | 170 | 82.5
20 | 32 | 111 | 97.49
20 | 33 | 208 | 66.74
20 | 34 | 140 | 82.86
20 | 35 | 127 | 80.05
20 | 36 | 135 | 84.78
20 | 37 | 170 | 92.59
20 | 38 | 176 | 69.26
20 | 39 | 156 | 63.07
20 | 40 | 175 | 65.69
20 | 41 | 204 | 84.44
20 | 42 | 144 | 72.02
20 | 43 | 203 | 84.15
20 | 44 | 196 | 96.43
20 | 45 | 128 | 86.08
20 | 46 | 198 | 80.07
20 | 47 | 180 | 65.42
20 | 48 | 165 | 67.28
20 | 49 | 148 | 87.84
20 | 50 | 203 | 72.78
20 | 51 | 145 | 94.28
20 | 52 | 166 | 94.68
20 | 53 | 213 | 62.83
20 | 54 | 157 | 91.38
20 | 55 | 198 | 78.61
20 | 56 | 212 | 61.55
20 | 57 | 197 | 98.15
20 | 58 | 120 | 79.27
20 | 59 | 184 | 72.12
20 | 60 | 110 | 68.23
20 | 61 | 178 | 71.98
20 | 62 | 142 | 77.79
20 | 63 | 175 | 74.83
20 | 64 | 132 | 81.02
20 | 65 | 212 | 74.3
20 | 66 | 199 | 66.1
20 | 67 | 214 | 83.51
20 | 68 | 116 | 75.48
20 | 69 | 160 | 92.56
21 | 0 | 44 | 62.53
21 | 1 | 33 | 93.76
21 | 2 | 33 | 68.55
21 | 3 | 43 | 63.04
21 | 4 | 32 | 99.78
21 | 5 | 46 | 77.62
21 | 6 | 28 | 96.6
21 | 7 | 46 | 64.44
21 | 8 | 33 | 67.32
21 | 9 | 49 | 80.12
21 | 10 | 35 | 65.7
21 | 11 | 28 | 82.52
21 | 12 | 30 | 61.74
21 | 13 | 33 | 92.84
21 | 14 | 47 | 75.88
21 | 15 | 47 | 82.58
21 | 16 | 33 | 79.48
21 | 17 | 37 | 74.21
21 | 18 | 41 | 63.07
21 | 19 | 35 | 91.49
21 | 20 | 32 | 66.37
21 | 21 | 28 | 74.22
21 | 22 | 35 | 90.18
21 | 23 | 33 | 91.62
21 | 24 | 37 | 64.2
21 | 25 | 27 | 84.68
21 | 26 | 38 | 73.3
21 | 27 | 29 | 86.01
21 | 28 | 51 | 67.3
21 | 29 | 29 | 96.7
21 | 30 | 53 | 69.23
21 | 31 | 52 | 67.78
21 | 32 | 42 | 60.55
21 | 33 | 52 | 63.43
21 | 34 | 36 | 77.61
21 | 35 | 38 | 95.84
21 | 36 | 32 | 75.11
21 | 37 | 28 | 78.8
21 | 38 | 41 | 63.59
21 | 39 | 33 | 85.26
21 | 40 | 42 | 89.36
21 | 41 | 27 | 91.79
21 | 42 | 53 | 66.62
21 | 43 | 51 | 62.48
21 | 44 | 47 | 99.93
21 | 45 | 36 | 81.31
21 | 46 | 40 | 66.03
21 | 47 | 46 | 73.88
21 | 48 | 29 | 91.28
21 | 49 | 31 | 97.77
21 | 50 | 38 | 86.25
21 | 51 | 35 | 70.86
21 | 52 | 44 | 62.11
21 | 53 | 48 | 95.5
21 | 54 | 29 | 82.15
21 | 55 | 36 | 85.35
21 | 56 | 50 | 83.32
21 | 57 | 46 | 73.87
21 | 58 | 45 | 89.48
21 | 59 | 50 | 96.8
21 | 60 | 38 | 84.16
21 | 61 | 51 | 75.31
21 | 62 | 48 | 75.93
21 | 63 | 29 | 94.91
21 | 64 | 46 | 92.18
21 | 65 | 51 | 94.82
21 | 66 | 27 | 84.71
21 | 67 | 47 | 82.14
21 | 68 | 40 | 67.46
21 | 69 | 32 | 98.14
22 | 0 | 66 | 66.15
22 | 1 | 62 | 95.51
22 | 2 | 96 | 72.5
22 | 3 | 70 | 85.02
22 | 4 | 77 | 81.55
22 | 5 | 79 | 79.72
22 | 6 | 64 | 66.79
22 | 7 | 78 | 68.75
22 | 8 | 95 | 99.28
22 | 9 | 108 | 91.52
22 | 10 | 112 | 68.55
22 | 11 | 109 | 95.05
22 | 12 | 100 | 64.85
22 | 13 | 90 | 60.13
22 | 14 | 102 | 66.1
22 | 15 | 59 | 70.76
22 | 16 | 93 | 74.72
22 | 17 | 104 | 89.09
22 | 18 | 59 | 87.43
22 | 19 | 87 | 96.8
22 | 20 | 77 | 77.63
22 | 21 | 98 | 62.31
22 | 22 | 62 | 88.81
22 | 23 | 74 | 80.32
22 | 24 | 68 | 88.21
22 | 25 | 99 | 70
22 | 26 | 84 | 82.2
22 | 27 | 112 | 76.82
22 | 28 | 73 | 63.82
22 | 29 | 113 | 60.05
22 | 30 | 86 | 65.76
22 | 31 | 112 | 86.5
22 | 32 | 60 | 89.1
22 | 33 | 98 | 66.22
22 | 34 | 102 | 93.12
22 | 35 | 114 | 97.32
22 | 36 | 102 | 91.54
22 | 37 | 62 | 86.3
22 | 38 | 80 | 94.36
22 | 39 | 87 | 72.86
22 | 40 | 95 | 97.26
22 | 41 | 77 | 62.13
22 | 42 | 80 | 85.36
22 | 43 | 115 | 84.49
22 | 44 | 87 | 67.64
22 | 45 | 88 | 87.55
22 | 46 | 96 | 91.92
22 | 47 | 87 | 84.81
22 | 48 | 76 | 75.57
22 | 49 | 63 | 61.45
22 | 50 | 108 | 71.41
22 | 51 | 111 | 73.55
22 | 52 | 93 | 64.47
22 | 53 | 75 | 70.06
22 | 54 | 109 | 96.72
22 | 55 | 99 | 97.21
22 | 56 | 113 | 83.5
22 | 57 | 93 | 65.84
22 | 58 | 82 | 76.5
22 | 59 | 66 | 90.04
22 | 60 | 87 | 69.36
22 | 61 | 62 | 70.14
22 | 62 | 88 | 79.84
22 | 63 | 79 | 86.86
22 | 64 | 74 | 67.86
22 | 65 | 62 | 82.34
22 | 66 | 105 | 75.31
22 | 67 | 101 | 97.05
22 | 68 | 69 | 97.94
22 | 69 | 63 | 90.47
23 | 0 | 185 | 61.3
23 | 1 | 235 | 84.25
23 | 2 | 194 | 96.22
23 | 3 | 205 | 86.56
23 | 4 | 183 | 78.24
23 | 5 | 169 | 87.75
23 | 6 | 160 | 61.76
23 | 7 | 233 | 74.42
23 | 8 | 215 | 93.53
23 | 9 | 209 | 69.27
23 | 10 | 165 | 89.05
23 | 11 | 166 | 78.69
23 | 12 | 238 | 75.49
23 | 13 | 187 | 92.81
23 | 14 | 183 | 71.22
23 | 15 | 194 | 80.54
23 | 16 | 238 | 85.69
23 | 17 | 221 | 65.28
23 | 18 | 232 | 76.11
23 | 19 | 187 | 99.41
23 | 20 | 219 | 77.3
23 | 21 | 196 | 82.31
23 | 22 | 218 | 64.52
23 | 23 | 210 | 69.08
23 | 24 | 197 | 91.89
23 | 25 | 190 | 76.14
23 | 26 | 141 | 93.08
23 | 27 | 172 | 82.64
23 | 28 | 134 | 98.62
23 | 29 | 208 | 71.5
23 | 30 | 164 | 63.31
23 | 31 | 157 | 82.77
23 | 32 | 157 | 96.77
23 | 33 | 227 | 80.69
23 | 34 | 241 | 84.04
23 | 35 | 146 | 72.21
23 | 36 | 151 | 66.4
23 | 37 | 221 | 70.17
23 | 38 | 207 | 86.02
23 | 39 | 140 | 93.68
23 | 40 | 214 | 61.71
23 | 41 | 144 | 69.29
23 | 42 | 186 | 65.73
23 | 43 | 129 | 99.53
23 | 44 | 228 | 77.93
23 | 45 | 124 | 84.94
23 | 46 | 223 | 79.45
23 | 47 | 176 | 78.37
23 | 48 | 147 | 84.78
23 | 49 | 234 | 76.85
23 | 50 | 125 | 99.28
23 | 51 | 137 | 69.19
23 | 52 | 159 | 88.33
23 | 53 | 239 | 74.16
23 | 54 | 226 | 79.57
23 | 55 | 159 | 93.24
23 | 56 | 219 | 97.9
23 | 57 | 124 | 96.9
23 | 58 | 136 | 65.18
23 | 59 | 190 | 89.55
23 | 60 | 200 | 75.68
23 | 61 | 230 | 84.86
23 | 62 | 170 | 62.17
23 | 63 | 201 | 92.18
23 | 64 | 145 | 94.45
23 | 65 | 170 | 91.36
23 | 66 | 207 | 87.34
23 | 67 | 179 | 95.5
23 | 68 | 154 | 61.9
23 | 69 | 207 | 91.35
24 | 0 | 129 | 74.25
24 | 1 | 166 | 78.55
24 | 2 | 91 | 90.53
24 | 3 | 165 | 80.31
24 | 4 | 110 | 62.02
24 | 5 | 106 | 60.12
24 | 6 | 119 | 97.71
24 | 7 | 129 | 64.95
24 | 8 | 92 | 86.86
24 | 9 | 126 | 73.44
24 | 10 | 134 | 73.22
24 | 11 | 86 | 66.53
24 | 12 | 91 | 77.27
24 | 13 | 159 | 62.58
24 | 14 | 91 | 90.03
24 | 15 | 137 | 94.33
24 | 16 | 98 | 60.22
24 | 17 | 114 | 72.34
24 | 18 | 111 | 79.11
24 | 19 | 115 | 79.17
24 | 20 | 145 | 78.9
24 | 21 | 166 | 89.11
24 | 22 | 151 | 79.99
24 | 23 | 115 | 66.21
24 | 24 | 163 | 81.85
24 | 25 | 115 | 92.27
24 | 26 | 124 | 76.4
24 | 27 | 87 | 71.15
24 | 28 | 144 | 68.54
24 | 29 | 101 | 94.18
24 | 30 | 129 | 69.85
24 | 31 | 167 | 65.6
24 | 32 | 164 | 88.59
24 | 33 | 129 | 61.17
24 | 34 | 140 | 93.76
24 | 35 | 106 | 94.85
24 | 36 | 157 | 89.66
24 | 37 | 90 | 98.83
24 | 38 | 137 | 67.23
24 | 39 | 142 | 65.52
24 | 40 | 104 | 93.1
24 | 41 | 133 | 72.01
24 | 42 | 92 | 89.41
24 | 43 | 151 | 70.53
24 | 44 | 153 | 67.42
24 | 45 | 162 | 73.28
24 | 46 | 91 | 64.75
24 | 47 | 164 | 85.34
24 | 48 | 122 | 85.87
24 | 49 | 144 | 93.12
24 | 50 | 166 | 63.47
24 | 51 | 145 | 72.13
24 | 52 | 131 | 97.93
24 | 53 | 128 | 80.78
24 | 54 | 92 | 83.52
24 | 55 | 90 | 87.56
24 | 56 | 156 | 73.31
24 | 57 | 145 | 77.28
24 | 58 | 124 | 87.07
24 | 59 | 110 | 64.86
24 | 60 | 141 | 72.92
24 | 61 | 133 | 89.74
24 | 62 | 113 | 98.61
24 | 63 | 133 | 92.45
24 | 64 | 97 | 82.83
24 | 65 | 158 | 61.25
24 | 66 | 121 | 91.37
24 | 67 | 120 | 79.2
24 | 68 | 87 | 95.38
24 | 69 | 130 | 71.2
25 | 0 | 60 | 74.98
25 | 1 | 68 | 80
25 | 2 | 84 | 95.64
25 | 3 | 70 | 97.87
25 | 4 | 88 | 69.84
25 | 5 | 62 | 95.83
25 | 6 | 82 | 72.22
25 | 7 | 66 | 88.69
25 | 8 | 60 | 71.92
25 | 9 | 71 | 98.89
25 | 10 | 69 | 78.02
25 | 11 | 96 | 72.89
25 | 12 | 94 | 77.05
25 | 13 | 66 | 85.91
25 | 14 | 60 | 79.42
25 | 15 | 77 | 97.39
25 | 16 | 83 | 64.48
25 | 17 | 94 | 91.88
25 | 18 | 74 | 91.94
25 | 19 | 86 | 68.35
25 | 20 | 86 | 97.21
25 | 21 | 91 | 61.49
25 | 22 | 74 | 65.7
25 | 23 | 70 | 99.79
25 | 24 | 76 | 60.01
25 | 25 | 79 | 77.2
25 | 26 | 55 | 75.72
25 | 27 | 56 | 64.66
25 | 28 | 95 | 65.9
25 | 29 | 89 | 80.28
25 | 30 | 97 | 70.42
25 | 31 | 65 | 74.8
25 | 32 | 75 | 98.3
25 | 33 | 84 | 95.43
25 | 34 | 49 | 95.52
25 | 35 | 82 | 63.49
25 | 36 | 81 | 98.02
25 | 37 | 50 | 79.5
25 | 38 | 87 | 61.4
25 | 39 | 68 | 67.23
25 | 40 | 97 | 93.29
25 | 41 | 73 | 61.46
25 | 42 | 71 | 78.51
25 | 43 | 65 | 83.26
25 | 44 | 67 | 65.5
25 | 45 | 91 | 63.35
25 | 46 | 86 | 68.56
25 | 47 | 49 | 74.95
25 | 48 | 82 | 84.97
25 | 49 | 66 | 71.03
25 | 50 | 50 | 88.42
25 | 51 | 93 | 89.52
25 | 52 | 67 | 77.85
25 | 53 | 57 | 98.51
25 | 54 | 49 | 99.12
25 | 55 | 75 | 60.46
25 | 56 | 84 | 79.5
25 | 57 | 54 | 81.38
25 | 58 | 82 | 94.29
25 | 59 | 77 | 92.1
25 | 60 | 68 | 68.99
25 | 61 | 97 | 62.29
25 | 62 | 68 | 90.09
25 | 63 | 78 | 64.09
25 | 64 | 67 | 65.99
25 | 65 | 96 | 95.54
25 | 66 | 87 | 73.23
25 | 67 | 51 | 91.08
25 | 68 | 58 | 63.46
25 | 69 | 55 | 97.96
26 | 0 | 39 | 83.96
26 | 1 | 20 | 85.81
26 | 2 | 21 | 88.07
26 | 3 | 21 | 69.78
26 | 4 | 31 | 97.89
26 | 5 | 21 | 83.68
26 | 6 | 39 | 65.52
26 | 7 | 27 | 61.75
26 | 8 | 23 | 63.2
26 | 9 | 29 | 92.63
26 | 10 | 29 | 98.7
26 | 11 | 36 | 93.84
26 | 12 | 22 | 69.48
26 | 13 | 29 | 74
26 | 14 | 27 | 84.21
26 | 15 | 20 | 96.08
26 | 16 | 21 | 89.48
26 | 17 | 20 | 78.76
26 | 18 | 35 | 96.38
26 | 19 | 29 | 83.29
26 | 20 | 37 | 87.17
26 | 21 | 38 | 77.72
26 | 22 | 24 | 97.74
26 | 23 | 39 | 73.55
26 | 24 | 36 | 83.38
26 | 25 | 20 | 75.36
26 | 26 | 27 | 91.08
26 | 27 | 21 | 73.75
26 | 28 | 28 | 94.5
26 | 29 | 34 | 83.82
26 | 30 | 28 | 90.57
26 | 31 | 22 | 66.2
26 | 32 | 38 | 70.29
26 | 33 | 39 | 97.13
26 | 34 | 38 | 98.18
26 | 35 | 32 | 96.35
26 | 36 | 23 | 93.71
26 | 37 | 27 | 65.15
26 | 38 | 22 | 66.28
26 | 39 | 36 | 84.61
26 | 40 | 26 | 88.36
26 | 41 | 32 | 62.53
26 | 42 | 23 | 88.68
26 | 43 | 24 | 64.09
26 | 44 | 36 | 68.8
26 | 45 | 28 | 60.18
26 | 46 | 24 | 69.65
26 | 47 | 30 | 61.34
26 | 48 | 34 | 84.25
26 | 49 | 28 | 94.94
26 | 50 | 24 | 73.97
26 | 51 | 35 | 68.5
26 | 52 | 38 | 87.93
26 | 53 | 24 | 77.76
26 | 54 | 29 | 61.24
26 | 55 | 21 | 63.2
26 | 56 | 30 | 92.5
26 | 57 | 33 | 61.56
26 | 58 | 29 | 73.48
26 | 59 | 35 | 96.19
26 | 60 | 27 | 66.11
26 | 61 | 28 | 66.91
26 | 62 | 28 | 97.67
26 | 63 | 37 | 87.06
26 | 64 | 22 | 84.19
26 | 65 | 21 | 97.13
26 | 66 | 31 | 83.42
26 | 67 | 25 | 64.92
26 | 68 | 34 | 78.87
26 | 69 | 37 | 83.79
27 | 0 | 107 | 80.85
27 | 1 | 89 | 83.43
27 | 2 | 81 | 80.83
27 | 3 | 106 | 69.66
27 | 4 | 101 | 94.9
27 | 5 | 91 | 88.52
27 | 6 | 64 | 87.76
27 | 7 | 81 | 77.88
27 | 8 | 62 | 69.63
27 | 9 | 72 | 62.64
27 | 10 | 62 | 99.11
27 | 11 | 88 | 74.96
27 | 12 | 90 | 99.83
27 | 13 | 72 | 90.33
27 | 14 | 80 | 68.38
27 | 15 | 64 | 89.16
27 | 16 | 62 | 76.95
27 | 17 | 101 | 68.01
27 | 18 | 86 | 62.47
27 | 19 | 70 | 97.18
27 | 20 | 88 | 72.69
27 | 21 | 83 | 94.71
27 | 22 | 68 | 61.76
27 | 23 | 106 | 98.74
27 | 24 | 63 | 85.85
27 | 25 | 74 | 90.49
27 | 26 | 89 | 64.98
27 | 27 | 100 | 62.32
27 | 28 | 62 | 86.64
27 | 29 | 71 | 96.04
27 | 30 | 60 | 79.92
27 | 31 | 94 | 64.54
27 | 32 | 80 | 67.69
27 | 33 | 67 | 89.41
27 | 34 | 63 | 63.73
27 | 35 | 91 | 81.75
27 | 36 | 64 | 92.04
27 | 37 | 97 | 94.82
27 | 38 | 84 | 86.29
27 | 39 | 70 | 84.36
27 | 40 | 65 | 75.66
27 | 41 | 62 | 93.84
27 | 42 | 102 | 85.03
27 | 43 | 67 | 92.76
27 | 44 | 97 | 95.93
27 | 45 | 75 | 60.41
27 | 46 | 68 | 81.87
27 | 47 | 68 | 78.22
27 | 48 | 78 | 97.16
27 | 49 | 61 | 89.09
27 | 50 | 67 | 80.65
27 | 51 | 92 | 73.19
27 | 52 | 54 | 90.51
27 | 53 | 72 | 69.87
27 | 54 | 101 | 97.82
27 | 55 | 88 | 72.05
27 | 56 | 79 | 78.01
27 | 57 | 92 | 82.8
27 | 58 | 90 | 99.56
27 | 59 | 106 | 97.22
27 | 60 | 63 | 88.99
27 | 61 | 94 | 82.52
27 | 62 | 61 | 65.36
27 | 63 | 80 | 94.73
27 | 64 | 106 | 62.06
27 | 65 | 94 | 75.26
27 | 66 | 70 | 91.1
27 | 67 | 93 | 69.21
27 | 68 | 80 | 77.17
27 | 69 | 90 | 99.68
28 | 0 | 74 | 63.68
28 | 1 | 54 | 70.58
28 | 2 | 82 | 79.23
28 | 3 | 67 | 68.53
28 | 4 | 59 | 65.33
28 | 5 | 54 | 62.73
28 | 6 | 44 | 98.88
28 | 7 | 73 | 69.15
28 | 8 | 64 | 96.66
28 | 9 | 57 | 99.23
28 | 10 | 72 | 65.45
28 | 11 | 81 | 98.69
28 | 12 | 70 | 66.38
28 | 13 | 69 | 81.87
28 | 14 | 71 | 63.68
28 | 15 | 67 | 63.97
28 | 16 | 79 | 79.22
28 | 17 | 82 | 84.99
28 | 18 | 50 | 67.72
28 | 19 | 57 | 85.91
28 | 20 | 85 | 64.45
28 | 21 | 71 | 71.68
28 | 22 | 53 | 75.07
28 | 23 | 65 | 75
28 | 24 | 78 | 84.04
28 | 25 | 73 | 87.73
28 | 26 | 79 | 77.48
28 | 27 | 78 | 66.95
28 | 28 | 81 | 82.43
28 | 29 | 61 | 94.91
28 | 30 | 50 | 87.43
28 | 31 | 52 | 86.76
28 | 32 | 63 | 69.43
28 | 33 | 69 | 97.21
28 | 34 | 79 | 85.75
28 | 35 | 81 | 64.3
28 | 36 | 48 | 82.78
28 | 37 | 49 | 82.05
28 | 38 | 54 | 70.08
28 | 39 | 81 | 76.25
28 | 40 | 58 | 79.22
28 | 41 | 55 | 63.06
28 | 42 | 47 | 83.16
28 | 43 | 64 | 96.9
28 | 44 | 76 | 70.49
28 | 45 | 53 | 91.71
28 | 46 | 67 | 66.66
28 | 47 | 70 | 64.04
28 | 48 | 54 | 75.21
28 | 49 | 62 | 62.34
28 | 50 | 64 | 98.23
28 | 51 | 54 | 86.65
28 | 52 | 45 | 77.92
28 | 53 | 60 | 68.3
28 | 54 | 64 | 68.15
28 | 55 | 75 | 77.38
28 | 56 | 70 | 93.36
28 | 57 | 47 | 96.62
28 | 58 | 63 | 97.18
28 | 59 | 45 | 65.42
28 | 60 | 56 | 67.3
28 | 61 | 78 | 94.17
28 | 62 | 47 | 67.73
28 | 63 | 53 | 94.71
28 | 64 | 43 | 64.04
28 | 65 | 70 | 60.86
28 | 66 | 68 | 98.52
28 | 67 | 53 | 96.98
28 | 68 | 83 | 76.65
28 | 69 | 81 | 63.1
29 | 0 | 127 | 75.96
29 | 1 | 159 | 91.23
29 | 2 | 118 | 87.52
29 | 3 | 118 | 75.88
29 | 4 | 109 | 65.75
29 | 5 | 145 | 98.48
29 | 6 | 128 | 64.89
29 | 7 | 157 | 72.29
29 | 8 | 145 | 84.27
29 | 9 | 105 | 74.85
29 | 10 | 138 | 85.24
29 | 11 | 154 | 66.55
29 | 12 | 142 | 71.36
29 | 13 | 139 | 75.96
29 | 14 | 125 | 81.99
29 | 15 | 114 | 79.81
29 | 16 | 118 | 95.35
29 | 17 | 110 | 92.4
29 | 18 | 103 | 77.7
29 | 19 | 124 | 77.76
29 | 20 | 143 | 75.51
29 | 21 | 153 | 98.42
29 | 22 | 149 | 79.85
29 | 23 | 98 | 64.57
29 | 24 | 98 | 68.47
29 | 25 | 151 | 75.19
29 | 26 | 137 | 69.81
29 | 27 | 142 | 70.16
29 | 28 | 134 | 72.66
29 | 29 | 99 | 64.95
29 | 30 | 148 | 89.75
29 | 31 | 93 | 95.8
29 | 32 | 105 | 78.13
29 | 33 | 140 | 83.9
29 | 34 | 92 | 94.39
29 | 35 | 127 | 67.69
29 | 36 | 87 | 89.35
29 | 37 | 130 | 89.57
29 | 38 | 87 | 62.15
29 | 39 | 84 | 89.16
29 | 40 | 96 | 74.37
29 | 41 | 150 | 81.94
29 | 42 | 110 | 94.71
29 | 43 | 144 | 98.95
29 | 44 | 118 | 86.5
29 | 45 | 141 | 98.18
29 | 46 | 107 | 74.57
29 | 47 | 119 | 76.45
29 | 48 | 140 | 82.85
29 | 49 | 126 | 97.1
29 | 50 | 154 | 96.68
29 | 51 | 113 | 64.49
29 | 52 | 120 | 69.43
29 | 53 | 159 | 82.17
29 | 54 | 155 | 63.45
29 | 55 | 87 | 65.85
29 | 56 | 129 | 93.18
29 | 57 | 139 | 80.86
29 | 58 | 109 | 91.72
29 | 59 | 115 | 71.91
29 | 60 | 144 | 79.03
29 | 61 | 158 | 63.33
29 | 62 | 149 | 85.58
29 | 63 | 131 | 60.03
29 | 64 | 99 | 93.64
29 | 65 | 134 | 64.93
29 | 66 | 101 | 60.84
29 | 67 | 135 | 71.03
29 | 68 | 101 | 67.12
29 | 69 | 148 | 74.47