# ghfkdsjgbfkadrjehbgfadrg
0 | Hegmann Inc | 296
1 | Russel-Flatley | 439
2 | Runolfsson Steuber and Lakin | 708
3 | Hirthe PLC | 56
4 | Wolf-Huels | 561
5 | Farrell Ltd | 689
6 | Keebler Schmidt and Fahey | 183
7 | Huel Raynor and Wunsch | 80
8 | Rolfson Group | 309
9 | Lesch-Spinka | 679
# kldjjgbfdsjgbvkdsjgbfdskhjbhgfd
0 | Cremin Herman and Beatty | 48
1 | Labadie Mante and Hackett | 183
2 | Bednar Welch and Baumbach | 212
3 | Moen Marks and Schaefer | 105
4 | Wintheiser PLC | 200
5 | Kunde Padberg and Carroll | 225
6 | Conroy LLC | 145
7 | Cummerata-Price | 143
8 | Gislason Durgan and Reichert | 28
9 | Jones Wisozk and Quitzon | 96
10 | Lang Group | 69
11 | Wiza PLC | 256
12 | Lindgren-Fisher | 3
13 | Gulgowski-Weissnat | 207
14 | Rutherford Wiza and Streich | 285
15 | Hammes Kshlerin and West | 43
16 | Wintheiser Inc | 334
17 | Simonis Gorczany and West | 167
18 | Franecki Jones and Moore | 169
19 | Veum Stracke and Schuster | 82
# aliuwjgfdklijghfdskjghvbfdsjk
0 | 0 | 256 | 87.88
1 | 0 | 293 | 75.98
2 | 0 | 576 | 65.43
3 | 0 | 30 | 86.62
4 | 0 | 501 | 83.71
5 | 0 | 559 | 76.74
6 | 0 | 177 | 72.1
7 | 0 | 45 | 77.75
8 | 0 | 200 | 80.23
9 | 0 | 546 | 92.17
0 | 1 | 205 | 99.12
0 | 2 | 288 | 64.85
0 | 3 | 195 | 71.51
0 | 4 | 214 | 94
0 | 5 | 293 | 65.14
0 | 6 | 247 | 68.22
0 | 7 | 230 | 76.83
0 | 8 | 287 | 96.14
0 | 9 | 230 | 72.82
0 | 10 | 205 | 87.51
0 | 11 | 278 | 80.41
0 | 12 | 281 | 90.27
0 | 13 | 242 | 88.42
0 | 14 | 220 | 69.92
0 | 15 | 295 | 70.55
0 | 16 | 150 | 61.4
0 | 17 | 183 | 81.73
0 | 18 | 159 | 93.65
0 | 19 | 258 | 64.22
1 | 1 | 294 | 80.04
1 | 2 | 401 | 67.84
1 | 3 | 332 | 61.81
1 | 4 | 429 | 86.02
1 | 5 | 358 | 83.02
1 | 6 | 328 | 65.7
1 | 7 | 310 | 91.53
1 | 8 | 245 | 86.89
1 | 9 | 299 | 79.3
1 | 10 | 288 | 82.6
1 | 11 | 379 | 74.15
1 | 12 | 419 | 66.95
1 | 13 | 319 | 84.78
1 | 14 | 237 | 65.73
1 | 15 | 252 | 61.7
1 | 16 | 271 | 70.6
1 | 17 | 300 | 98.65
1 | 18 | 344 | 63.11
1 | 19 | 415 | 62.64
2 | 1 | 648 | 65.24
2 | 2 | 608 | 87.16
2 | 3 | 486 | 81.07
2 | 4 | 458 | 79.6
2 | 5 | 700 | 97.94
2 | 6 | 606 | 61.52
2 | 7 | 608 | 89.11
2 | 8 | 464 | 97.46
2 | 9 | 671 | 86.27
2 | 10 | 687 | 60.02
2 | 11 | 418 | 99.41
2 | 12 | 586 | 69.32
2 | 13 | 381 | 87.72
2 | 14 | 452 | 72.26
2 | 15 | 650 | 68.33
2 | 16 | 465 | 65.7
2 | 17 | 645 | 83.27
2 | 18 | 577 | 63.35
2 | 19 | 699 | 80.95
3 | 1 | 53 | 68.69
3 | 2 | 36 | 93.45
3 | 3 | 55 | 65.07
3 | 4 | 54 | 83.62
3 | 5 | 28 | 63.38
3 | 6 | 41 | 87.76
3 | 7 | 46 | 74.63
3 | 8 | 29 | 84.79
3 | 9 | 49 | 84.22
3 | 10 | 37 | 99.02
3 | 11 | 50 | 91.21
3 | 12 | 32 | 92.76
3 | 13 | 38 | 94.11
3 | 14 | 55 | 61.54
3 | 15 | 43 | 78.11
3 | 16 | 33 | 90.72
3 | 17 | 53 | 73.07
3 | 18 | 44 | 99.7
3 | 19 | 51 | 82.64
4 | 1 | 481 | 74.41
4 | 2 | 508 | 63.69
4 | 3 | 290 | 79.91
4 | 4 | 287 | 99.96
4 | 5 | 347 | 99.32
4 | 6 | 397 | 81.27
4 | 7 | 487 | 65.5
4 | 8 | 427 | 81.78
4 | 9 | 502 | 90.21
4 | 10 | 553 | 96.96
4 | 11 | 289 | 74.53
4 | 12 | 524 | 85.63
4 | 13 | 448 | 66.54
4 | 14 | 348 | 98.3
4 | 15 | 470 | 91.1
4 | 16 | 302 | 68.01
4 | 17 | 430 | 86.43
4 | 18 | 460 | 84.32
4 | 19 | 287 | 94.69
5 | 1 | 459 | 73.15
5 | 2 | 423 | 91.66
5 | 3 | 677 | 89.25
5 | 4 | 521 | 96.34
5 | 5 | 593 | 77.57
5 | 6 | 559 | 82.12
5 | 7 | 405 | 75.58
5 | 8 | 366 | 71.94
5 | 9 | 613 | 96.2
5 | 10 | 481 | 88.12
5 | 11 | 501 | 79.47
5 | 12 | 378 | 77.75
5 | 13 | 591 | 88.78
5 | 14 | 361 | 73.19
5 | 15 | 628 | 95.36
5 | 16 | 445 | 84.21
5 | 17 | 607 | 60.33
5 | 18 | 479 | 90.26
5 | 19 | 429 | 69.5
6 | 1 | 168 | 69.61
6 | 2 | 123 | 73.12
6 | 3 | 103 | 66.65
6 | 4 | 181 | 62.57
6 | 5 | 101 | 79.22
6 | 6 | 180 | 95.03
6 | 7 | 139 | 60.84
6 | 8 | 132 | 98.53
6 | 9 | 109 | 72.31
6 | 10 | 152 | 93.19
6 | 11 | 92 | 83.44
6 | 12 | 113 | 86.31
6 | 13 | 180 | 66.32
6 | 14 | 117 | 89.23
6 | 15 | 97 | 70.69
6 | 16 | 101 | 85.07
6 | 17 | 153 | 76.81
6 | 18 | 113 | 72.93
6 | 19 | 125 | 78
7 | 1 | 48 | 82.07
7 | 2 | 53 | 80.14
7 | 3 | 72 | 89.91
7 | 4 | 50 | 68.39
7 | 5 | 44 | 94.41
7 | 6 | 57 | 65.91
7 | 7 | 55 | 92.19
7 | 8 | 48 | 89.14
7 | 9 | 70 | 74.51
7 | 10 | 48 | 69.63
7 | 11 | 48 | 66.46
7 | 12 | 58 | 84.34
7 | 13 | 42 | 72.14
7 | 14 | 43 | 91.77
7 | 15 | 72 | 77.99
7 | 16 | 58 | 69.56
7 | 17 | 62 | 80.45
7 | 18 | 62 | 90.04
7 | 19 | 44 | 93.92
8 | 1 | 172 | 89.88
8 | 2 | 163 | 77.99
8 | 3 | 189 | 71.39
8 | 4 | 253 | 67.68
8 | 5 | 197 | 84.09
8 | 6 | 288 | 70.07
8 | 7 | 200 | 74.61
8 | 8 | 283 | 69.38
8 | 9 | 264 | 72.27
8 | 10 | 235 | 84.5
8 | 11 | 271 | 74.54
8 | 12 | 234 | 75.94
8 | 13 | 228 | 60.18
8 | 14 | 186 | 69.02
8 | 15 | 212 | 96.77
8 | 16 | 209 | 78.97
8 | 17 | 247 | 87.43
8 | 18 | 220 | 94.55
8 | 19 | 267 | 70.45
9 | 1 | 567 | 98.77
9 | 2 | 667 | 67.58
9 | 3 | 348 | 95.44
9 | 4 | 369 | 91.86
9 | 5 | 554 | 74.53
9 | 6 | 453 | 65.03
9 | 7 | 668 | 84.84
9 | 8 | 670 | 64.28
9 | 9 | 640 | 78.63
9 | 10 | 447 | 73.47
9 | 11 | 556 | 96.48
9 | 12 | 507 | 73.08
9 | 13 | 381 | 92.16
9 | 14 | 575 | 99.61
9 | 15 | 373 | 99.77
9 | 16 | 515 | 73.9
9 | 17 | 400 | 86.17
9 | 18 | 516 | 70.37
9 | 19 | 533 | 73.3